X.1,Total satisfied,"Dissatisfied, want stricter","Dissatisfied, want less strict","Dissatisfied, keep the same",No opinion
,%,%,%,%,%
2025,37,40,12,6,4
2024,31,46,13,5,4
2022,41,36,13,7,3
2021,42,41,8,7,2
2020,42,42,9,5,3
2018,39,46,8,5,2
2017,42,37,11,6,5
2016,34,38,15,9,4
2015,42,31,12,8,6
2014,40,31,16,8,5
2013,43,38,5,8,5
2012,50,25,8,9,8
2008,49,30,8,6,7
2007,50,30,6,7,7
2006,47,32,7,4,9
2005,51,32,6,5,6
2004,51,33,6,6,4
2003,47,32,9,6,6
2002,48,33,8,6,5
2001,38,39,9,9,6